003
004
005
006
008
009
039
041
043
047
050
051
053
055
058
059
061
071
073
075
109
110
111
112
113
118
122
126
131
132
133
159
160
161
162
163
166
168
170
173
181
185
206
212
214
215
222
223
227
228
230
243
245
246
247
260
263
264
270
271
273
274
280
281
282
283
284
288
289
290
291
292
294
296
297
298
300
301
302
304
305
306
308
309
310
312
314
316
323
324
327
328
330
331
333
335
349

354
355
356
359
360
361
362
364
365
366
368

499
533
596
598
599
616
625
626
630
641
657
683
704
715
730
732
733
734
735
736
737
740
745
778
780
781
796
797
798
799
800
801
802
820
821
831
833
841
845
847
852
859
861
863
865
867